[2.96562581 2.80022052 2.64567702 2.5144146  2.47523576 2.10861158
 2.25334315 2.13134046 2.083253   2.020521   1.99509011 1.78532922
 1.86389537 1.89274519 1.78667595 1.80263554 1.81142643 2.11292267
 1.56280057 1.93389124 1.81088516 1.68968086 1.59866419 1.7916702
 1.6872529  1.73802102 1.68504837 1.71244109 1.60470913 1.42319059
 1.49565501 1.60436959 1.69316631 1.55748787 1.52270453 1.46461272
 1.58446872 1.67718036 1.39389911 1.54698291 1.53556154 1.58718562
 1.60645776 1.60518899 1.55847826 1.47091315 1.48013584 1.19927645
 1.38905306 1.61884046 1.5073091  1.56024362 1.51785405 1.12252474
 1.50125742 1.58822628 1.49945211 1.41041507 1.43773705 1.38539433
 1.55890825 1.49771794 1.45102281 1.50169252 1.45201082 1.32427239
 1.23473089 1.34433938 1.35300453 1.47961657 1.53969385 1.51743174
 1.33358243 1.32670205 1.48178334 1.39686856 1.34255999 1.31769812
 1.68344967 1.45707911 1.53148099 1.36038993 1.45860347 1.3578732
 1.26831682 1.50835514 1.37562096 1.52416196 1.43672525 1.3457303
 1.41511238 1.40978854 1.42486651 1.45681006 1.42448129 1.03087687
 1.3573657  1.43337634 1.42776529 1.33808065]