[0.47637052 0.52001469 0.46294921 0.35831694 0.46230167 0.35571849
 0.67977852 0.46695775 0.57047521 0.36251108 0.41643136 0.59982997
 0.65469688 0.48689052 0.60393551 0.59171213 0.62838252 0.57772747
 0.55808238 0.54541087 0.55683288 0.56140931 0.6554085  0.50274656
 0.60603677 0.72937198 0.63606912 0.45983255 0.54475366 0.69735189
 0.5885201  0.39501822 0.73664506 0.4597774  0.48771328 0.60407863
 0.49857282 0.5403791  0.70132604 0.51563431 0.60109182 0.72545634
 0.44854783 0.66508961 0.63082107 0.441611   0.50236202 0.44457225
 0.53517212 0.43373977 0.49807306 0.70908011 0.49805368 0.56400793
 0.56706814 0.67889675 0.72372615 0.80861558 0.57195633 0.58943206
 0.71975818 0.54111975 0.71212377 0.68622056 0.68575335 0.66210278
 0.57565535 0.47199986 0.70727922 0.6470944  0.71744754 0.55585775
 0.61417659 0.58954659 0.62570987 0.66028579 0.5125034  0.79513316
 0.58718677 0.55305758 0.47751148 0.62916362 0.573993   0.68549456
 0.50563176 0.61333037 0.53489875 0.63331817 0.62095724 0.70528669
 0.64501016 0.54504536 0.78798358 0.55378634 0.73441839 0.63461085
 0.55507508 0.6126292  0.5181465  0.64595318]